420
1 -22 28 -12 37 -34 11
1 -35 15 -10 40 -48 -2
1 -31 19 -4 43 -22 28
1 -48 -2 -36 13 -29 20
1 0 49 -14 30 -39 6
1 -8 41 -9 41 -42 7
1 -22 25 -16 28 -40 9
1 -11 33 -22 26 0 44
1 -13 39 -26 19 -31 15
1 -7 47 -1 44 -40 13
0 -47 -31 12 24 4 19
1 -23 30 -22 27 -9 35
0 -49 -33 36 46 28 42
1 0 48 -41 7 -18 31
0 -48 -34 -33 -18 -32 -23
1 -16 29 0 48 -12 37
0 -48 -32 -47 -31 -24 -8
1 -35 18 -11 42 -23 21
0 -5 5 -47 -31 -18 -4
1 -41 10 -39 8 -45 5
1 57743 70226 -61040 -49730 -9481 1779
1 34469 59935 -19657 -15459 52982 68107
1 2032 20175 43518 62126 58508 71090
1 31229 48351 22846 46374 58775 63336
1 50790 81085 -43836 -24658 16376 45716
1 28957 62666 -63812 -43726 -21518 -20032
1 -79145 -53125 -58835 -40328 -34032 -1191
1 -39963 -30908 61052 76815 -14209 4001
1 30995 46213 -188 23074 48848 73955
1 -30327 817 -92891 -71382 -556 15570
1 -66084 -49749 -70089 -44721 543 18051
1 -10435 875 1868 22100 -90712 -72390
1 -6457 23401 39789 59388 -64029 -59562
1 -48891 -19571 -60094 -41210 -63314 -59729
1 -84053 -64052 2084 16189 -31207 -1454
1 -52377 -25969 -90697 -66004 -17839 -5215
1 -7876 16576 25156 48291 -78019 -63073
1 -70710 -54783 28572 57892 2846 14577
1 69353 93836 -32370 -11069 -15941 8778
1 -92783 -71784 -17812 17198 2761 27075
1 45799 59502 -51290 -23552 35610 57193
1 -50227 -17040 46996 74417 28330 44175
1 8914 26079 -50911 -30028 -67490 -43942
1 -10960 6571 -75351 -66572 21851 44569
1 22699 44190 -83751 -52386 20341 36226
1 58542 77668 47268 63235 -3866 26621
1 73780 79320 -13674 519 -25349 -12369
1 61440 79923 7960 26241 -27706 -15327
1 38043 50418 44221 51183 -65245 -45723
1 22702 31491 -17144 312 -85339 -53805
1 21638 55787 44959 61008 -47808 -39438
1 -63113 -41252 -67744 -41914 -26758 -4882
1 63367 92148 30084 48195 -5852 -3181
1 11847 30590 66766 73165 19550 26333
1 -82252 -43217 16642 33032 31779 53160
1 376 8916 -85149 -77287 -3825 28320
1 -11778 4687 -65208 -43505 -56839 -41330
1 -59599 -26799 -43262 -22054 53184 68929
1 27880 45230 31092 48118 53472 65470
1 66503 87392 14887 44613 5640 29076
1 -18992 15785 70329 84705 -11543 3900
1 26450 55691 33724 51544 -67288 -47510
1 -55101 -20607 -54336 -50167 -63808 -39985
1 -58662 -44430 23514 35998 -57391 -35888
1 -30686 -14789 52951 78131 23020 30026
1 59723 89386 -1973 20344 -23466 16370
1 -28704 -19628 -26635 -10672 67912 92984
1 34109 52603 6207 33762 -78531 -54945
1 6969 35234 12510 46591 -88613 -51919
1 -16819 13310 -78286 -72895 -40672 -15821
1 12715 44649 59413 85803 12932 25405
1 39882 72763 -29701 -24955 30035 53183
1 61861 91147 -22736 -7422 4820 7751
1 25793 39413 46741 82626 5326 33146
1 -6107 19053 68420 92110 -36318 -16459
1 28551 40390 68467 76382 -16632 -2714
1 -45969 -23239 -62699 -36719 38811 56336
1 -76366 -72346 21237 38131 -10669 22165
1 44705 59494 6680 11337 49501 61061
1 2597 24468 14065 37612 61022 74073
1 35904 59720 -8301 13166 59515 64632
1 -19466 2821 54015 73358 37279 67387
1 22671 24877 -78893 -54761 30577 49365
1 -61910 -30004 -48658 -30216 -63277 -39443
1 31804 62778 -10031 4607 53321 66647
1 35353 59793 -64800 -45779 -45954 -25389
1 -54351 -23056 -85690 -64612 -11671 9856
1 46643 60469 -72975 -45242 -27257 -9772
1 -1587 22614 42774 64311 -75051 -55436
1 43500 63874 57617 69803 -9587 20014
1 -84644 -71132 20240 38502 20664 34375
1 40993 55870 -67190 -52687 -33480 -19778
1 -47052 -17260 -89061 -56609 -1611 29297
1 25170 40430 -74511 -62273 -42240 -11723
1 20724 48041 -49570 -30648 -65320 -52402
1 18971 41779 -74384 -55955 21290 42401
1 12372 25040 -19897 8311 -92628 -74366
1 -41481 -9209 -30115 -3165 61616 78046
1 -60608 -23394 -77847 -59531 23434 37967
1 -71858 -50069 -57588 -41250 -50072 -33315
1 37501 71584 31996 53811 27365 52251
1 -56165 -38552 44724 61002 23249 44903
1 33227 40766 61266 72042 -40028 -30190
1 -11144 9046 20660 52650 61730 86031
1 21865 39875 46084 72027 -41788 -32094
1 -30545 -4677 44278 74009 -59990 -47040
1 -48012 -35017 -70818 -58672 16398 44578
1 -60425 -50019 -59529 -42076 -36601 -4347
1 -5505 16222 77230 83177 -12302 11122
1 18568 47510 62799 88600 -6696 22060
1 34553 42144 67458 85473 -20865 3279
1 -70604 -50638 -37855 -14331 -37538 -26619
1 -18955 -3382 -15846 1586 65846 86641
1 -36618 -11388 -38199 -8026 -84356 -55275
1 14279 42431 39293 56427 50099 77725
1 28773 43843 51502 73850 4898 32973
1 -78414 -50811 -51353 -20494 170 25282
1 -2690 8500 42310 58100 45997 59275
1 -51673 -35241 -69072 -48834 23583 43079
1 -17870 16848 -3928 15129 -84692 -79036
1 -87341 -71032 -20078 212 1818 30236
1 71091 85417 -5563 16629 22831 30523
1 28443 44534 53772 78417 -11050 19315
1 -58440 -40362 -36161 -21536 51262 64247
1 -43628 -14975 21749 39527 -87409 -62207
1 -83544 -75074 -33970 -17359 -13538 9135
1 18355 46439 17596 51653 49322 73971
1 -10768 10856 -209 18736 -79866 -77867
1 -64915 -38455 -33420 -19423 -57336 -36896
1 -59594 -49691 39386 53637 -61118 -42358
1 22547 44540 41783 75825 -53800 -26170
1 52927 63056 -20945 13569 50274 69604
1 29639 47649 51463 74979 29464 61363
1 -62445 -46494 39646 59555 -47592 -26239
1 -30926 -7219 -76422 -53700 19664 37575
1 8068 25595 -15448 15190 -95311 -75741
1 -2315 14899 -94702 -78498 6767 13841
1 52658 77574 -1925 7965 37088 62731
1 -71749 -51034 -41036 -23998 -25383 -2310
1 -72935 -52021 4145 31708 28168 44264
1 -38524 -29058 54203 87398 -4270 8719
1 -18458 -547 -41938 -28075 55353 85466
1 63334 86680 -8977 5737 3089 23619
1 -76522 -51279 51711 63609 -1119 11074
1 43978 67672 -46119 -36350 -54348 -32116
1 -61977 -39979 48805 66908 -4087 15443
1 -38393 -15142 34482 45895 51707 73387
1 -15098 5245 64504 86193 11660 42572
1 20462 32546 67335 88945 -23808 -12174
1 -45710 -29866 -48713 -40225 36191 72881
1 -80647 -72347 6003 19378 6018 26968
1 -30135 -907 -40352 -17385 -74550 -69713
1 25651 40752 25704 44767 -69419 -53995
1 -65351 -49165 -665 33203 -58077 -53439
1 27847 41886 -57196 -51432 -60041 -31392
1 -74571 -65726 18936 34595 -14994 8307
1 3420 18201 59080 63744 -50796 -37402
1 -59725 -52919 25233 56324 36770 52550
1 25084 37742 -22473 13416 61111 89517
1 -31123 -9929 -38982 -28408 -76197 -54610
1 26239 39855 -67171 -50065 34490 46827
1 -31113 -2705 59178 87794 8623 21865
1 64246 81862 13839 27162 -37512 803
1 -38914 -20811 -35350 -18517 62773 89363
1 -79546 -58914 39361 40589 -23746 -1521
1 -92264 -60845 -16477 -4211 -34296 -15581
1 -81598 -55814 -8529 14390 -50600 -33531
1 50748 66514 56968 76774 -9752 13820
1 -80025 -55789 -41134 -19361 28348 54979
1 -28896 -19805 -68202 -37931 49748 61021
1 57234 73263 -37712 -1405 13150 46160
1 7376 29616 -8620 20535 -83248 -62090
1 44553 56109 32850 57714 25785 52790
1 -7717 25102 -7725 12431 59010 93276
1 -3663 20480 31992 48881 -80967 -61519
1 -54684 -38284 33082 51001 -47536 -31488
1 -24421 -10049 -73142 -50307 -47158 -25659
1 41005 51559 54743 68960 -32157 -19293
1 -8763 26625 66264 86593 -57863 -26158
1 39695 57854 -10327 960 -81724 -65077
1 41233 63655 -37542 -11744 -67651 -49824
1 -18469 -14312 36071 63118 56475 75090
1 -28731 -15639 -72916 -60994 17355 48092
1 -29016 -17872 1691 28301 -80313 -74087
1 -24861 -2063 -29881 -11428 -74927 -54438
1 -2908 8218 68593 71825 -42304 -36475
1 27546 51021 4696 22461 56219 85387
1 39005 55338 48826 72635 -24709 -1
1 47727 73855 -63059 -41116 -9038 23091
1 -19884 6774 -33156 -8931 72725 87601
1 -72461 -53556 -27699 -14981 19211 41822
1 63249 81403 -40188 -14765 6931 37685
1 63142 82981 -25106 -3270 20101 29453
1 31130 58947 3173 21337 -74916 -68397
1 -58714 -42813 11593 34345 34118 58810
1 -49518 -27875 -29607 -21358 -75178 -53370
1 69461 77175 15448 36416 -34182 -22402
1 35551 54657 -69428 -42048 -17045 6812
1 27635 38793 45411 69203 -50135 -43361
1 16688 38446 -61396 -37075 -64966 -31030
1 -35814 -19493 63372 81491 27500 54462
1 10356 30411 -74284 -55629 39846 45049
1 -38328 -4710 64415 79565 -43116 -22145
1 -29835 -5671 -90310 -76428 277 1869
1 48292 76832 37381 49402 34886 43306
1 19066 33779 -3597 8757 -76149 -71976
1 -26733 -12570 -35681 -26828 62655 71618
1 50628 68591 -51527 -24729 25316 59839
1 59379 62742 -57334 -46510 3134 10600
1 55393 77648 4221 37143 44784 65699
1 -15390 -5126 -3381 11074 73410 86424
1 -26889 -7086 -77791 -41328 -66410 -29235
1 -43347 -21552 57590 64785 28677 49316
1 -67247 -37242 -28533 -8487 -69945 -48320
1 -2207 27139 71426 90772 11875 24958
1 -7365 22762 -96133 -73290 -30621 -6784
1 44813 66334 -20573 -2018 -64230 -53722
1 51196 58944 -60144 -41259 18880 45821
1 -60386 -32399 -36568 -12315 40586 67416
1 -665 20331 -17403 -11184 -87940 -72839
0 32946 48821 -28974 -15614 64401 84617
1 -55785 -28569 65269 75512 -21176 -6442
0 32390 46916 -82938 -68118 -13863 21900
0 53888 71942 -46568 -32979 -34248 -19326
0 -81837 -78163 -5392 9087 -2450 18903
0 21995 44453 -40185 -33499 62135 76283
1 10308 40463 59540 77174 -61333 -36739
0 -94177 -61603 -22758 11823 -38788 -12954
1 53438 75655 25126 43060 -14518 7932
1 -19531 3177 4045 27930 -94265 -64178
0 -77480 -62456 41988 53394 -3296 5224
1 17779 35549 -83981 -44676 24943 61118
1 -71879 -58513 11898 41686 -30305 -14377
1 49017 68249 -15129 18976 48060 66574
1 -11838 7348 47553 63542 -67414 -47164
1 29088 44545 -50912 -15959 -70395 -57574
0 -43388 -23603 45905 62609 27676 53750
0 8215 38810 62437 78852 -38209 -33224
1 -64059 -27171 -60727 -35326 -61026 -43427
0 20457 53119 -60711 -47679 23184 55606
1 -70978 -46394 -65589 -44877 -10372 7338
1 -59744 -39936 48445 55988 -44347 -26762
1 -36717 -8107 26844 43311 -80832 -66912
0 72293 96031 3700 25701 -37561 -4131
1 -15500 16913 -79205 -68966 -39173 -4379
0 -756 21231 10628 37269 73578 82977
1 32058 55455 -6957 7461 45838 80279
0 -24364 -772 -85720 -66735 -48781 -36855
1 46435 56654 43815 66941 -25404 -13767
0 -88068 -77674 -10771 13874 -12402 -4509
1 -89131 -61902 -26569 -6043 -27916 -14242
1 32210 52737 -40074 -9230 42872 76038
1 56737 79302 24768 45359 -19322 4672
1 1759 24409 46620 57152 -71066 -48445
1 35478 60734 -39693 -22719 41724 51793
1 42961 64758 -12522 3554 52646 69182
1 -11351 -502 -40082 -24124 -75980 -63117
0 -40962 -6900 -5118 14251 -82423 -57286
1 -49095 -30797 1882 6948 -83530 -55361
0 -37135 -22299 -90205 -63314 -24970 4150
1 66749 74930 -44446 -9795 -16854 -4579
1 -63254 -52331 -68192 -44209 -35685 -8323
1 -78284 -55858 -43922 -30639 18437 29177
0 54114 79875 -17857 -2753 34356 52806
1 -4442 14186 29328 43813 -80985 -51107
0 -58292 -34166 35200 44230 -69669 -55147
1 18045 42192 -78983 -70509 1260 35570
1 37675 59839 -51270 -39433 -37248 -29925
0 -22757 -7114 -84027 -59378 -24973 -14829
1 24241 36320 52369 65837 31303 51099
0 5979 23857 9333 31171 -87793 -57399
0 49574 65617 -38214 -7290 -50479 -28030
0 -73979 -66980 -798 7274 -45325 -25314
1 -8945 -1295 -59463 -41375 52225 73615
0 18015 39217 32056 50406 -75587 -63271
1 -53213 -30694 -55350 -31907 49198 70681
1 -9682 8872 -52795 -28009 -82757 -59017
0 -83110 -67560 -37952 -10775 -19407 13655
1 -39964 -17588 52065 72360 4014 37773
0 56122 79842 -5178 21833 31724 59969
1 -20183 -4251 -12930 11778 77653 97600
0 31458 67825 9649 32029 41670 71827
1 -47523 -37181 -9554 -5366 -71284 -54135
0 -79907 -51809 -39505 -26324 -21886 8622
1 -49722 -26739 -4492 20265 -80362 -69563
0 30956 62691 22770 49749 57837 73923
0 63665 78972 -9429 11537 -61063 -23216
0 22797 28866 -83267 -52609 -50008 -23447
0 -9433 6781 -15625 9568 72480 99132
1 -39178 -2942 61606 79222 -12921 17911
1 -27409 -12810 -52323 -14724 70950 84284
0 25852 56927 -36323 -17730 -59374 -41271
1 -25411 1430 -71359 -48805 -54737 -38627
0 14921 35377 -63995 -41674 42383 70707
1 -81958 -63608 22908 36352 28840 42388
0 16786 42211 -73540 -54273 24103 37846
1 6690 26003 -68391 -40681 -57692 -53952
0 61396 83789 17549 42812 30784 43751
1 64100 88074 14435 30275 -26170 -9208
0 -21535 -16329 43013 49150 -80307 -58327
0 43392 60791 -67760 -57740 -3562 18983
1 53803 85117 -30851 -20415 11800 29393
0 -60548 -44088 -74749 -57558 -16897 -13294
1 -49335 -21672 -28001 3992 58205 86850
1 71619 75833 -41210 -28321 -3506 23850
1 -59162 -51706 -50779 -26256 -49407 -29710
1 -52052 -32903 16989 38661 -62750 -44298
1 27603 37228 -16325 -9791 51369 78290
0 -79181 -55186 26844 41675 -48211 -20069
1 -13372 -2778 -87434 -58366 13997 33615
0 -15866 1555 47047 63001 42221 60961
1 36372 49160 29641 52191 50265 54610
0 -50 22846 24999 49002 -90397 -70826
0 -53637 -33631 -70839 -47506 -40320 -30176
1 57782 80982 -13986 8709 -42185 -18601
1 -51683 -23658 -6359 15179 -75206 -63727
0 370 30490 44410 64293 49151 65936
0 46915 58565 -69733 -44180 -41213 -17210
1 28837 55823 -13583 10313 -85499 -50397
1 45884 74879 4208 23505 -57225 -37365
1 -16055 2075 -98025 -64232 404 15021
0 -6697 -284 -52120 -14644 61108 88330
1 -73126 -42133 -14478 -770 -67159 -42210
1 -78746 -55031 21688 48503 -43668 -17650
0 13011 19587 -76531 -58192 -21056 -6942
1 -3906 16882 38223 63854 -65796 -44021
0 75643 77858 -402 29624 -29755 -2860
1 18431 37928 -50506 -31706 65280 75113
1 -82626 -59287 -50984 -29586 -15689 -4450
1 35196 53027 26428 54765 57751 62588
0 23336 31485 -1303 18746 -94682 -64565
1 -3825 10918 -98053 -71932 865 16121
0 42549 65012 26302 54316 35324 58055
0 -30637 -826 69704 92482 8957 37872
1 9789 45193 -58252 -25098 55030 75560
1 -9204 9530 71096 78338 20937 35152
0 49102 65728 27717 54106 -51279 -22263
0 -73112 -53014 -17888 2555 34313 45513
0 19481 39159 -19753 16672 -84120 -70512
0 29245 51208 55393 75349 -26693 -9367
0 -32408 -12470 -86513 -71371 11659 34621
1 3836 19984 72474 77290 28159 42009
0 -65810 -45330 -40192 -17201 -36860 -23230
1 8693 27534 -32382 -13972 58478 81189
1 -43704 -20018 -33808 -23372 -78637 -61326
0 51547 78372 12517 15861 30172 52291
1 -33603 -11175 -36898 -7873 -90188 -68980
0 68965 88379 -35199 -18501 -16736 13433
0 -92562 -58792 -20585 -13928 7579 22007
1 -15258 -2610 69924 96628 -12430 15797
0 -30519 -8339 -12995 4240 63439 83735
0 -17707 10709 -26922 -18807 -96558 -63936
0 15322 27787 26350 47801 -67802 -46180
0 -84914 -54768 6968 34294 17631 34799
1 -7598 17160 37828 54405 -76895 -51602
1 11668 34456 40686 60885 -53707 -42575
0 -32256 -12704 -78957 -51139 -54900 -19346
0 19575 33292 -76785 -58856 -24794 -8650
1 -12555 10431 76180 91052 -7974 2379
1 -39693 -14106 7322 18221 -78159 -74632
0 -66375 -51676 -66860 -34841 -39129 -8655
0 -17258 -10828 12607 37266 61514 85164
0 -33610 -11456 -84257 -56108 -23442 -7294
1 14531 43763 53525 64606 -63336 -35807
0 -70597 -55320 -41967 -24265 25101 39095
1 -49603 -26677 -13219 1867 66460 87923
0 -60096 -23074 -70199 -42821 22480 37880
0 40348 69827 -51515 -33466 -52295 -34043
0 20389 44646 28477 41577 -72555 -44667
1 33741 54867 -36670 -7776 -72049 -55244
1 10950 46532 -54829 -45911 -73274 -40618
1 -67960 -44819 -45382 -24321 30618 47707
1 -58662 -48729 -65642 -29405 -56128 -29636
1 49272 79011 38939 52493 20586 30187
0 43410 60801 -61935 -34193 -32036 -22862
1 30969 60898 33040 50806 35073 57010
0 37114 59569 -71501 -44738 11340 32549
0 52829 76198 7688 34836 -67073 -40835
0 -92186 -63748 -11890 20416 -11446 1644
1 67652 84380 -40733 -18056 24324 41742
1 -62702 -39426 -43457 -16012 -69221 -51945
1 -73660 -53500 27383 37368 2421 23275
1 -77487 -46062 -50070 -24177 -47875 -27262
1 -945 14054 -49971 -42857 -76052 -46001
1 -43003 -22308 58137 82894 19469 47327
0 19774 38418 -33987 -16275 -69339 -64365
1 -21207 4193 -7234 -2286 -85723 -60361
1 72912 88857 2552 35986 20898 28896
1 54225 89222 15996 40989 -44532 -13768
1 -65712 -61563 -49387 -24770 -44808 -18999
1 -69404 -48271 -68838 -43356 -7999 13427
1 -14554 -6184 67577 76141 25618 45348
0 17080 39490 54822 76095 -33504 -20429
0 72126 88153 -25075 -2924 -35655 -21906
0 -9585 24318 -79462 -62167 36467 45387
1 50711 62365 8410 24520 44319 69714
0 26163 48176 49270 76862 25486 40214
0 -66006 -47007 26306 40268 -57257 -44008
1 -18103 978 -66402 -53423 -58187 -49950
0 -82231 -53929 -30302 -2792 -50350 -33862
0 -80773 -50142 26085 50767 -37036 -5317
1 -73412 -50645 -37254 -15738 27795 47197
1 53256 56693 -27500 -12752 39288 60009
1 9678 25000 9814 20035 -80762 -69083
0 75905 77562 -35226 -12588 -23403 2007
1 -74228 -51192 -60471 -47282 -18153 11152
1 -88144 -65383 27947 50190 -22007 7068
1 -57769 -30200 -74568 -46266 1997 7401
1 -53231 -25606 -1090 21355 57688 84914
0 3894 23908 -12364 22961 -89732 -71854
1 -29012 -9560 -78082 -62997 -29218 -8539
0 -35760 -28704 -69703 -59299 26665 59052
1 -9820 -311 -50467 -30267 45150 77323
0 -34746 -29058 53504 84718 15584 24656
0 -80685 -48403 -19777 4826 33281 66712
1 67395 77602 -46450 -19661 -31973 -18038
1 -70033 -64759 19552 51911 11121 35381
0 -73590 -42942 -46390 -22759 40874 56566
0 -36575 -18344 61042 86630 6307 26426
0 -46370 -27813 23975 41903 54255 72840